1 1
2 3
3 2
4 4
5 5
6 11
7 12
8 13
9 6
10 14
11 22
12 21
13 15
14 7
15 23
16 16
17 24
18 8
19 17
20 31
21 9
22 25
23 32
24 33
25 18
26 10
27 26
28 27
29 41
30 34
31 19
32 42
33 35
34 20
35 28
36 36
37 43
38 51
39 44
40 29
41 37
42 45
43 52
44 53
45 38
46 30
47 61
48 77
49 46
50 54
51 62
52 39
53 47
54 55
55 86
56 71
57 69
58 63
59 40
60 56
61 48
62 64
63 49
64 79
65 96
66 72
67 70
68 65
69 50
70 57
71 78
72 81
73 88
74 80
75 73
76 89
77 58
78 74
79 66
80 82
81 60
82 59
83 87
84 97
85 75
86 98
87 83
88 67
89 90
90 91
91 99
92 68
93 84
94 100
95 92
96 76
97 95
98 94
99 85
100 93
